####################################
###  Molecule: 6lu7.pdb
####################################

##########          Footprint_Similarity_Score:        65877.023438
##########                      FPS_vdw_energy:           63.354652
##########                       FPS_es_energy:            1.015138
##########                   FPS_vdw+es_energy:           64.369789
##########                       FPS_num_hbond:                   5
##########                         FPS_vdw_fps:        65866.925706
##########                          FPS_es_fps:           10.099847
##########                          FPS_hb_fps:            1.414214
##########                   FPS_vdw_fp_numres:                 390
##########                    FPS_es_fp_numres:                 390
##########                    FPS_hb_fp_numres:                 390

 resname   resid     vdw_ref      es_ref  hb_ref    vdw_pose     es_pose hb_pose
     SER       1   -0.000056    0.001108       0   -0.000050    0.001078       0
     GLY       2   -0.000062   -0.000030       0   -0.000055   -0.000026       0
     PHE       3   -0.000337    0.000101       0   -0.000294    0.000100       0
     ARG       4   -0.000595    0.001099       0   -0.000507    0.001365       0
     LYS       5   -0.001596    0.007269       0   -0.001323    0.007569       0
     MET       6   -0.000731   -0.000309       0   -0.000607   -0.000292       0
     ALA       7   -0.000928    0.000357       0   -0.000746    0.000395       0
     PHE       8   -0.001276    0.000036       0   -0.001040    0.000015       0
     PRO       9   -0.000700   -0.000419       0   -0.000569   -0.000371       0
     SER      10   -0.001349   -0.000201       0   -0.001054   -0.000108       0
     GLY      11   -0.000492   -0.000449       0   -0.000392   -0.000301       0
     LYS      12   -0.000913    0.004751       0   -0.000738    0.004128       0
     VAL      13   -0.002921   -0.001087       0   -0.002240   -0.000690       0
     GLU      14   -0.002614   -0.006499       0   -0.001995   -0.004694       0
     GLY      15   -0.000827   -0.000137       0   -0.000642   -0.000143       0
     CYS      16   -0.002498   -0.000678       0   -0.001905   -0.000653       0
     MET      17   -0.013879    0.005710       0   -0.009671    0.003051       0
     VAL      18   -0.012202   -0.006016       0   -0.008286   -0.003135       0
     GLN      19   -0.045938    0.007787       0   -0.024885    0.005372       0
     VAL      20   -0.067802   -0.034901       0   -0.038833   -0.020809       0
     THR      21   -0.076453    0.002423       0   -0.043723    0.007085       0
     CYS      22   -0.059975    0.001823       0   -0.054937   -0.009801       0
     GLY      23   -0.033423   -0.007020       0   -0.036269    0.004069       0
     THR      24   -0.509526   -0.295778       0   -0.979791   -0.109680       0
     THR      25   -2.026652    0.241518       0   -0.728898    0.212762       0
     THR      26    8.371824    0.510725       0   -0.730655   -0.011407       0
     LEU      27   -1.399347    0.012034       0   -0.799446    0.029077       0
     ASN      28   -0.185699    0.037127       0   -0.100728    0.002053       0
     GLY      29   -0.015016   -0.003047       0   -0.010187   -0.001047       0
     LEU      30   -0.009448   -0.000666       0   -0.007119   -0.000597       0
     TRP      31   -0.003724   -0.000022       0   -0.002934    0.000086       0
     LEU      32   -0.002018   -0.000279       0   -0.001640   -0.000277       0
     ASP      33   -0.000662   -0.007535       0   -0.000559   -0.006701       0
     ASP      34   -0.000705   -0.006821       0   -0.000607   -0.006636       0
     VAL      35   -0.001827    0.000189       0   -0.001539    0.000361       0
     VAL      36   -0.005979    0.001129       0   -0.004745    0.000472       0
     TYR      37   -0.011930   -0.002108       0   -0.009426   -0.000686       0
     CYS      38   -0.043696    0.017513       0   -0.033733    0.014698       0
     PRO      39   -0.302966    0.015992       0   -0.220375    0.009100       0
     ARG      40   -0.151721    0.039013       0   -0.128825    0.040919       0
     HIS      41   -4.806944    0.132462       0   -3.585649   -0.177689       0
     VAL      42   -0.294730    0.004639       0   -0.252181   -0.001369       0
     ILE      43   -0.078000   -0.000231       0   -0.084971   -0.000233       0
     CYS      44   -0.310671   -0.005967       0   -0.420160   -0.024908       0
     THR      45   -0.168391    0.016689       0   -0.485997    0.040498       0
     SER      46   -0.178336    0.026910       0   -0.982438    0.022666       0
     GLU      47   -0.042318    0.042453       0   -0.080358    0.031609       0
     ASP      48   -0.106090    0.032786       0   -0.177649    0.018160       0
     MET      49   -3.380324    0.011122       0   11.361687    0.032204       0
     LEU      50   -0.241496    0.002165       0   -0.341051    0.003307       0
     ASN      51   -0.062140    0.000048       0   -0.083390    0.000890       0
     PRO      52   -0.178299   -0.001074       0   -0.263220    0.000786       0
     ASN      53   -0.014074   -0.000520       0   -0.016141   -0.001385       0
     TYR      54   -0.529918    0.007812       0   -0.487646    0.001829       0
     GLU      55   -0.005732   -0.004277       0   -0.005945   -0.006782       0
     ASP      56   -0.004275    0.004357       0   -0.004802    0.001939       0
     LEU      57   -0.024209   -0.000968       0   -0.028972   -0.000984       0
     LEU      58   -0.007789   -0.000023       0   -0.007983   -0.000247       0
     ILE      59   -0.002281   -0.000355       0   -0.002449   -0.000304       0
     ARG      60   -0.004604   -0.007115       0   -0.005418   -0.002250       0
     LYS      61   -0.009490    0.004608       0   -0.010862    0.019164       0
     SER      62   -0.001550   -0.000974       0   -0.001578   -0.001597       0
     ASN      63   -0.001634   -0.001969       0   -0.001555   -0.002223       0
     HIS      64   -0.002253   -0.001305       0   -0.002248   -0.001109       0
     ASN      65   -0.005550   -0.002008       0   -0.005538   -0.002249       0
     PHE      66   -0.013725    0.004432       0   -0.012326    0.004335       0
     LEU      67   -0.011030   -0.005522       0   -0.008225   -0.004084       0
     VAL      68   -0.006509    0.002424       0   -0.004889    0.001655       0
     GLN      69   -0.008006   -0.009262       0   -0.005526   -0.006856       0
     ALA      70   -0.001772    0.000659       0   -0.001322    0.000415       0
     GLY      71   -0.001337   -0.001312       0   -0.000982   -0.001147       0
     ASN      72   -0.001214    0.000021       0   -0.000946    0.000076       0
     VAL      73   -0.001073   -0.001419       0   -0.000850   -0.001089       0
     GLN      74   -0.001815    0.001889       0   -0.001481    0.001810       0
     LEU      75   -0.002007   -0.000851       0   -0.001621   -0.000924       0
     ARG      76   -0.001081    0.006287       0   -0.000952    0.006880       0
     VAL      77   -0.002123    0.000799       0   -0.001863    0.000732       0
     ILE      78   -0.000763    0.000398       0   -0.000695    0.000361       0
     GLY      79   -0.000677   -0.000665       0   -0.000620   -0.000556       0
     HIS      80   -0.003022    0.001602       0   -0.002877    0.001582       0
     SER      81   -0.002302   -0.001542       0   -0.002121   -0.001553       0
     MET      82   -0.011405    0.001626       0   -0.010722    0.002114       0
     GLN      83   -0.005481   -0.003027       0   -0.004875   -0.002736       0
     ASN      84   -0.009443    0.001656       0   -0.008450    0.001011       0
     CYS      85   -0.046903   -0.002439       0   -0.038827   -0.003325       0
     VAL      86   -0.023625    0.003164       0   -0.019547    0.003029       0
     LEU      87   -0.021504   -0.000719       0   -0.018873    0.000331       0
     LYS      88   -0.004675    0.011497       0   -0.004086    0.011044       0
     LEU      89   -0.006922    0.000445       0   -0.005879    0.000634       0
     LYS      90   -0.001246    0.005161       0   -0.001105    0.005282       0
     VAL      91   -0.001325    0.000522       0   -0.001122    0.000461       0
     ASP      92   -0.000443   -0.004958       0   -0.000389   -0.005079       0
     THR      93   -0.000501   -0.000801       0   -0.000426   -0.000726       0
     ALA      94   -0.000303    0.000189       0   -0.000258    0.000159       0
     ASN      95   -0.000845    0.001401       0   -0.000688    0.001088       0
     PRO      96   -0.000377    0.000203       0   -0.000314    0.000164       0
     LYS      97   -0.000756    0.006485       0   -0.000613    0.005216       0
     THR      98   -0.000550    0.000076       0   -0.000456    0.000067       0
     PRO      99   -0.000610   -0.000202       0   -0.000503   -0.000191       0
     LYS     100   -0.000385    0.003696       0   -0.000328    0.003372       0
     TYR     101   -0.001193    0.000289       0   -0.001001    0.000237       0
     LYS     102   -0.000831    0.005256       0   -0.000705    0.004826       0
     PHE     103   -0.002650    0.000597       0   -0.002219    0.000514       0
     VAL     104   -0.001483   -0.000957       0   -0.001256   -0.000846       0
     ARG     105   -0.004878    0.020705       0   -0.004249    0.018832       0
     ILE     106   -0.003040   -0.000425       0   -0.002579   -0.000344       0
     GLN     107   -0.001494   -0.000638       0   -0.001319   -0.000669       0
     PRO     108   -0.001888    0.001268       0   -0.001684    0.001235       0
     GLY     109   -0.000712    0.000711       0   -0.000623    0.000693       0
     GLN     110   -0.001448   -0.000920       0   -0.001242   -0.000956       0
     THR     111   -0.001588    0.000286       0   -0.001324    0.000425       0
     PHE     112   -0.009085    0.000307       0   -0.007132    0.000244       0
     SER     113   -0.003140   -0.000747       0   -0.002442   -0.000389       0
     VAL     114   -0.020000    0.002095       0   -0.014498    0.002112       0
     LEU     115   -0.015524   -0.003725       0   -0.011142   -0.001740       0
     ALA     116   -0.030934    0.000301       0   -0.021386   -0.000669       0
     CYS     117   -0.063867   -0.005968       0   -0.039220    0.004442       0
     TYR     118   -0.279150    0.016547       0   -0.177534    0.008913       0
     ASN     119   -0.099931    0.038122       0   -0.047918    0.023781       0
     GLY     120   -0.013662    0.006332       0   -0.008302    0.003002       0
     SER     121   -0.010427    0.000553       0   -0.006983    0.001039       0
     PRO     122   -0.008045    0.000142       0   -0.005740   -0.000032       0
     SER     123   -0.009768    0.002701       0   -0.007087    0.001945       0
     GLY     124   -0.004660   -0.000470       0   -0.003456   -0.000231       0
     VAL     125   -0.004309    0.000871       0   -0.003298    0.000895       0
     TYR     126   -0.028011    0.002871       0   -0.019920    0.001578       0
     GLN     127   -0.003426   -0.000173       0   -0.002718   -0.000428       0
     CYS     128   -0.008231    0.000385       0   -0.006276    0.000017       0
     ALA     129   -0.003282   -0.001880       0   -0.002694   -0.001924       0
     MET     130   -0.008625    0.000776       0   -0.007240    0.000815       0
     ARG     131   -0.007862    0.019157       0   -0.006890    0.018529       0
     PRO     132   -0.002804   -0.000162       0   -0.002572   -0.000112       0
     ASN     133   -0.010565   -0.002963       0   -0.009892   -0.002895       0
     PHE     134   -0.014351   -0.004859       0   -0.012778   -0.004692       0
     THR     135   -0.031631    0.008736       0   -0.027755    0.008804       0
     ILE     136   -0.055176   -0.012840       0   -0.041107   -0.010271       0
     LYS     137   -0.025197    0.035912       0   -0.019633    0.032714       0
     GLY     138   -0.041742    0.003198       0   -0.027424    0.006045       0
     SER     139   -0.114518   -0.000041       0   -0.072353    0.008675       0
     PHE     140   -2.443118    0.234305       0   -1.738526   -0.004304       0
     LEU     141   -2.963500    0.129727       0   -2.191668    0.272333       0
     ASN     142   -4.926021   -0.272273       0   -3.636468   -0.079751       0
     GLY     143   -1.280592   -0.187076       1   -1.431361    0.242880       0
     SER     144   -2.551396   -0.090464       0   -1.428847   -0.205827       0
     CYS     14565893.662298   -0.399990       0   26.790370    0.026264       0
     GLY     146   -0.166435    0.000016       0   -0.090132    0.001018       0
     SER     147   -0.111781   -0.004384       0   -0.069496   -0.008420       0
     VAL     148   -0.021446    0.000090       0   -0.015361    0.000457       0
     GLY     149   -0.005497   -0.000431       0   -0.004154    0.000035       0
     PHE     150   -0.004462   -0.000222       0   -0.003495   -0.000302       0
     ASN     151   -0.001328    0.000196       0   -0.001090    0.000192       0
     ILE     152   -0.000737    0.000046       0   -0.000609    0.000026       0
     ASP     153   -0.000298   -0.003888       0   -0.000255   -0.003620       0
     TYR     154   -0.000234   -0.000012       0   -0.000202   -0.000013       0
     ASP     155   -0.000221   -0.003386       0   -0.000188   -0.003037       0
     CYS     156   -0.000349    0.000069       0   -0.000295    0.000031       0
     VAL     157   -0.001025    0.000067       0   -0.000837    0.000056       0
     SER     158   -0.000957   -0.000074       0   -0.000790   -0.000091       0
     PHE     159   -0.004214    0.000875       0   -0.003364    0.000676       0
     CYS     160   -0.004456   -0.000861       0   -0.003592   -0.000966       0
     TYR     161   -0.087013    0.002422       0   -0.063470    0.009215       0
     MET     162   -0.087123   -0.000620       0   -0.062307   -0.003509       0
     HIS     163   22.563769   -2.979738       1    6.892897    6.897088       1
     HIS     164   -2.290903   -1.500940       1   -2.412981   -0.617318       1
     MET     165   -2.152714   -0.536712       0   -6.184242   -0.185851       0
     GLU     166    0.034628   -3.712214       2   -5.796699   -2.326245       1
     LEU     167   -2.315599    0.026626       0   -2.294438    0.059957       0
     PRO     168   -2.313395    0.121505       0   -0.889254    0.121846       0
     THR     169   -0.155906    0.021289       0   -0.158940    0.023490       0
     GLY     170   -0.121992   -0.007315       0   -0.101643    0.001397       0
     VAL     171   -0.193719   -0.053368       0   -0.155960   -0.045235       0
     HIS     172   -1.287901    0.485682       0   -0.683726    0.200801       0
     ALA     173   -0.250661   -0.015413       0   -0.191378   -0.010395       0
     GLY     174   -0.062886    0.001731       0   -0.048192   -0.000684       0
     THR     175   -0.042229   -0.005691       0   -0.033359   -0.004832       0
     ASP     176   -0.009211   -0.025099       0   -0.007590   -0.022225       0
     LEU     177   -0.008886   -0.000397       0   -0.007141   -0.000452       0
     GLU     178   -0.004348   -0.010777       0   -0.003734   -0.009964       0
     GLY     179   -0.007743   -0.000391       0   -0.006545   -0.000446       0
     ASN     180   -0.008852   -0.000533       0   -0.007654   -0.000533       0
     PHE     181   -0.182151    0.011704       0   -0.142824    0.009655       0
     TYR     182   -0.022425   -0.003922       0   -0.019100   -0.003805       0
     GLY     183   -0.008695   -0.000285       0   -0.007929   -0.000040       0
     PRO     184   -0.025787   -0.004052       0   -0.024598   -0.003345       0
     PHE     185   -0.169120    0.014728       0   -0.155206    0.012709       0
     VAL     186   -0.362226   -0.019490       0   -0.322608   -0.015029       0
     ASP     187   -1.749043   -0.042698       0   -1.546366   -0.054262       0
     ARG     188   -2.285753   -0.121255       0   -2.628643   -0.089662       0
     GLN     189   -7.467898   -1.327264       1   73.012674   -2.117314       1
     THR     190   -2.261447   -1.512857       1   -2.435037   -1.375292       1
     ALA     191   -2.479464    0.097977       0   -2.577215    0.102245       0
     GLN     192   -2.232643    0.128344       0   -2.268979    0.147570       0
     ALA     193   -0.113969   -0.004566       0   -0.124666   -0.004407       0
     ALA     194   -0.034147   -0.000079       0   -0.034731    0.000119       0
     GLY     195   -0.006204   -0.003974       0   -0.006227   -0.004072       0
     THR     196   -0.003828    0.000866       0   -0.003853    0.000888       0
     ASP     197   -0.004156   -0.023248       0   -0.003944   -0.022178       0
     THR     198   -0.001413   -0.001612       0   -0.001337   -0.001580       0
     THR     199   -0.000774    0.000169       0   -0.000719    0.000175       0
     ILE     200   -0.001080    0.000272       0   -0.000971    0.000259       0
     THR     201   -0.000289   -0.000019       0   -0.000267   -0.000028       0
     VAL     202   -0.000281    0.000264       0   -0.000255    0.000248       0
     ASN     203   -0.000518    0.000918       0   -0.000460    0.000912       0
     VAL     204   -0.000314    0.000232       0   -0.000285    0.000213       0
     LEU     205   -0.000175    0.000161       0   -0.000160    0.000150       0
     ALA     206   -0.000129    0.000223       0   -0.000115    0.000215       0
     TRP     207   -0.000453    0.000125       0   -0.000405    0.000129       0
     LEU     208   -0.000152    0.000139       0   -0.000139    0.000129       0
     TYR     209   -0.000125    0.000100       0   -0.000113    0.000098       0
     ALA     210   -0.000086    0.000145       0   -0.000076    0.000141       0
     ALA     211   -0.000065    0.000105       0   -0.000059    0.000099       0
     VAL     212   -0.000056    0.000083       0   -0.000051    0.000079       0
     ILE     213   -0.000074    0.000090       0   -0.000067    0.000088       0
     ASN     214   -0.000078    0.000144       0   -0.000070    0.000134       0
     GLY     215   -0.000024    0.000047       0   -0.000022    0.000046       0
     ASP     216   -0.000067   -0.001538       0   -0.000061   -0.001450       0
     ARG     217   -0.000052    0.001163       0   -0.000047    0.001074       0
     TRP     218   -0.000103    0.000034       0   -0.000095    0.000038       0
     PHE     219   -0.000093   -0.000018       0   -0.000086   -0.000013       0
     LEU     220   -0.000045    0.000013       0   -0.000042    0.000015       0
     ASN     221   -0.000031    0.000008       0   -0.000029    0.000003       0
     ARG     222   -0.000024    0.001023       0   -0.000023    0.000900       0
     PHE     223   -0.000033   -0.000010       0   -0.000032   -0.000012       0
     THR     224   -0.000024    0.000015       0   -0.000023    0.000017       0
     THR     225   -0.000035    0.000023       0   -0.000033    0.000021       0
     THR     226   -0.000032   -0.000121       0   -0.000031   -0.000112       0
     LEU     227   -0.000072   -0.000112       0   -0.000068   -0.000103       0
     ASN     228   -0.000052    0.000009       0   -0.000050    0.000007       0
     ASP     229   -0.000045   -0.002029       0   -0.000043   -0.001798       0
     PHE     230   -0.000134   -0.000108       0   -0.000127   -0.000098       0
     ASN     231   -0.000110   -0.000401       0   -0.000105   -0.000376       0
     LEU     232   -0.000093   -0.000209       0   -0.000090   -0.000190       0
     VAL     233   -0.000107   -0.000207       0   -0.000103   -0.000189       0
     ALA     234   -0.000133   -0.000321       0   -0.000128   -0.000301       0
     MET     235   -0.000244   -0.000416       0   -0.000238   -0.000384       0
     LYS     236   -0.000226    0.004013       0   -0.000222    0.003597       0
     TYR     237   -0.000358   -0.000175       0   -0.000346   -0.000174       0
     ASN     238   -0.000756    0.000210       0   -0.000735    0.000207       0
     TYR     239   -0.000567    0.000136       0   -0.000535    0.000137       0
     GLU     240   -0.000649   -0.009201       0   -0.000606   -0.008665       0
     PRO     241   -0.000240   -0.000209       0   -0.000228   -0.000206       0
     LEU     242   -0.000160    0.000039       0   -0.000150    0.000044       0
     THR     243   -0.000121   -0.000005       0   -0.000114   -0.000013       0
     GLN     244   -0.000072   -0.000002       0   -0.000067   -0.000002       0
     ASP     245   -0.000111   -0.003360       0   -0.000102   -0.003117       0
     HIS     246   -0.000227    0.000337       0   -0.000209    0.000315       0
     VAL     247   -0.000072    0.000016       0   -0.000067    0.000010       0
     ASP     248   -0.000064   -0.002129       0   -0.000059   -0.001960       0
     ILE     249   -0.000157    0.000115       0   -0.000142    0.000106       0
     LEU     250   -0.000123    0.000083       0   -0.000112    0.000077       0
     GLY     251   -0.000028    0.000059       0   -0.000026    0.000055       0
     PRO     252   -0.000058    0.000097       0   -0.000053    0.000093       0
     LEU     253   -0.000097    0.000114       0   -0.000087    0.000109       0
     SER     254   -0.000033    0.000103       0   -0.000031    0.000098       0
     ALA     255   -0.000021    0.000055       0   -0.000019    0.000053       0
     GLN     256   -0.000048   -0.000017       0   -0.000043   -0.000016       0
     THR     257   -0.000037    0.000038       0   -0.000033    0.000038       0
     GLY     258   -0.000013    0.000032       0   -0.000012    0.000031       0
     ILE     259   -0.000042   -0.000033       0   -0.000038   -0.000033       0
     ALA     260   -0.000023   -0.000031       0   -0.000022   -0.000029       0
     VAL     261   -0.000058   -0.000037       0   -0.000054   -0.000035       0
     LEU     262   -0.000049   -0.000042       0   -0.000046   -0.000038       0
     ASP     263   -0.000034   -0.001484       0   -0.000032   -0.001347       0
     MET     264   -0.000080   -0.000035       0   -0.000074   -0.000030       0
     CYS     265   -0.000063   -0.000125       0   -0.000059   -0.000116       0
     ALA     266   -0.000033   -0.000042       0   -0.000032   -0.000036       0
     SER     267   -0.000047   -0.000006       0   -0.000044   -0.000002       0
     LEU     268   -0.000154   -0.000030       0   -0.000144   -0.000024       0
     LYS     269   -0.000087    0.002135       0   -0.000083    0.001918       0
     GLU     270   -0.000066   -0.002014       0   -0.000062   -0.001798       0
     LEU     271   -0.000126   -0.000040       0   -0.000118   -0.000031       0
     LEU     272   -0.000192   -0.000052       0   -0.000182   -0.000043       0
     GLN     273   -0.000091    0.000082       0   -0.000088    0.000077       0
     ASN     274   -0.000068    0.000135       0   -0.000066    0.000132       0
     GLY     275   -0.000055    0.000155       0   -0.000052    0.000142       0
     MET     276   -0.000164    0.000190       0   -0.000152    0.000173       0
     ASN     277   -0.000068    0.000135       0   -0.000065    0.000116       0
     GLY     278   -0.000048    0.000087       0   -0.000045    0.000079       0
     ARG     279   -0.000106    0.001398       0   -0.000099    0.001246       0
     THR     280   -0.000120    0.000168       0   -0.000110    0.000166       0
     ILE     281   -0.000172   -0.000099       0   -0.000156   -0.000100       0
     LEU     282   -0.000203   -0.000107       0   -0.000181   -0.000118       0
     GLY     283   -0.000115   -0.000018       0   -0.000102   -0.000024       0
     SER     284   -0.000245    0.000010       0   -0.000220    0.000009       0
     ALA     285   -0.000192    0.000040       0   -0.000176    0.000047       0
     LEU     286   -0.000677    0.000322       0   -0.000615    0.000291       0
     LEU     287   -0.000408   -0.000467       0   -0.000373   -0.000445       0
     GLU     288   -0.000726   -0.005604       0   -0.000641   -0.005472       0
     ASP     289   -0.001023   -0.011260       0   -0.000908   -0.010856       0
     GLU     290   -0.002459   -0.015889       0   -0.002070   -0.016009       0
     PHE     291   -0.000836   -0.000081       0   -0.000721   -0.000070       0
     THR     292   -0.000486    0.000277       0   -0.000421    0.000249       0
     PRO     293   -0.000231    0.000140       0   -0.000205    0.000128       0
     PHE     294   -0.000401    0.000254       0   -0.000347    0.000250       0
     ASP     295   -0.000443   -0.005311       0   -0.000379   -0.005309       0
     VAL     296   -0.000195    0.000129       0   -0.000171    0.000120       0
     VAL     297   -0.000123    0.000137       0   -0.000109    0.000131       0
     ARG     298   -0.000429    0.003772       0   -0.000365    0.003757       0
     GLN     299   -0.000244    0.000344       0   -0.000211    0.000344       0
     CYS     300   -0.000087    0.000017       0   -0.000077    0.000015       0
     SER     301   -0.000049    0.000026       0   -0.000044    0.000027       0
     GLY     302   -0.000025    0.000048       0   -0.000022    0.000047       0
     VAL     303   -0.000048   -0.000021       0   -0.000043   -0.000019       0
     THR     304   -0.000026   -0.000057       0   -0.000024   -0.000054       0
     PHE     305   -0.000043   -0.000038       0   -0.000039   -0.000035       0
     GLN     306   -0.000023   -0.000884       0   -0.000021   -0.000819       0
     HOH     307   -0.000355   -0.001091       0   -0.000290   -0.000899       0
     HOH     308   -0.000345    0.000072       0   -0.000302    0.000058       0
     HOH     309   -0.000003   -0.000004       0   -0.000003   -0.000005       0
     HOH     310   -0.000137   -0.000436       0   -0.000117   -0.000450       0
     HOH     311   -0.000050    0.000203       0   -0.000047    0.000194       0
     HOH     312   -0.000065    0.000282       0   -0.000057    0.000283       0
     HOH     313   -0.000004    0.000019       0   -0.000004    0.000020       0
     HOH     314   -0.000138    0.000264       0   -0.000114    0.000250       0
     HOH     315   -0.001125   -0.001350       0   -0.000905   -0.001422       0
     HOH     316   -0.000797   -0.000736       0   -0.001042   -0.000247       0
     HOH     317   -0.014967    0.008329       0   -0.020534    0.008580       0
     HOH     318   -0.000160   -0.000348       0   -0.000139   -0.000313       0
     HOH     319   -0.012897   -0.001359       0   -0.008871   -0.003677       0
     HOH     320   -0.000211    0.000702       0   -0.000197    0.000650       0
     HOH     321   -0.002870   -0.002479       0   -0.002637   -0.002193       0
     HOH     322   -0.079281    0.021278       0   -0.031414    0.014825       0
     HOH     323   -0.000066   -0.000121       0   -0.000056   -0.000097       0
     HOH     324   -0.000847    0.001072       0   -0.000763    0.000956       0
     HOH     325   -0.001711   -0.002042       0   -0.001648   -0.001856       0
     HOH     326   -0.000032   -0.000036       0   -0.000027   -0.000043       0
     HOH     327   -0.002947   -0.003972       0   -0.002027   -0.001968       0
     HOH     328   -0.010328   -0.004000       0   -0.009339   -0.003183       0
     HOH     329   -0.002980   -0.006845       0   -0.001787   -0.004854       0
     HOH     330   -0.000076   -0.000096       0   -0.000062   -0.000067       0
     HOH     331   -0.006754   -0.000155       0   -0.005614   -0.000778       0
     HOH     332   -0.000329    0.000053       0   -0.000422   -0.000293       0
     HOH     333   -0.000024    0.000180       0   -0.000022    0.000173       0
     HOH     334   -0.000004   -0.000019       0   -0.000004   -0.000019       0
     HOH     335   -0.000052    0.000347       0   -0.000050    0.000329       0
     HOH     336   -0.002547   -0.001447       0   -0.001872   -0.000922       0
     HOH     337   -0.000007    0.000035       0   -0.000006    0.000035       0
     HOH     338   -0.000088    0.000085       0   -0.000076    0.000087       0
     HOH     339   -0.269375   -0.100879       0   -0.321301   -0.093333       0
     HOH     340   -0.000121   -0.000010       0   -0.000100   -0.000030       0
     HOH     341   -0.000005    0.000022       0   -0.000004    0.000021       0
     HOH     342   -0.000003   -0.000049       0   -0.000003   -0.000045       0
     HOH     343   -0.000433   -0.000976       0   -0.000359   -0.000832       0
     HOH     344   -0.000004   -0.000009       0   -0.000004   -0.000009       0
     HOH     345   -0.002594    0.000274       0   -0.002434    0.000290       0
     HOH     346   -0.000113   -0.000038       0   -0.000096   -0.000046       0
     HOH     347   -0.002507   -0.003096       0   -0.002725   -0.003016       0
     HOH     348   -0.000082    0.000215       0   -0.000068    0.000215       0
     HOH     349   -0.000047   -0.000033       0   -0.000043   -0.000041       0
     HOH     350   -0.000252   -0.000192       0   -0.000202   -0.000160       0
     HOH     351   -0.102335   -0.020718       0   -0.067018   -0.019807       0
     HOH     352   -0.000006   -0.000005       0   -0.000005   -0.000007       0
     HOH     353   -0.000093   -0.000013       0   -0.000075    0.000019       0
     HOH     354   -0.000921    0.001078       0   -0.000834    0.000998       0
     HOH     355   -0.000042   -0.000133       0   -0.000037   -0.000120       0
     HOH     356   -0.004039    0.001155       0   -0.003671    0.000818       0
     HOH     357   -0.000145   -0.000581       0   -0.000133   -0.000547       0
     HOH     358   -0.005730   -0.002258       0   -0.005670   -0.001612       0
     HOH     359   -0.002299    0.001511       0   -0.002035    0.001284       0
     HOH     360   -0.000163    0.000630       0   -0.000142    0.000598       0
     HOH     361   -0.000060   -0.000091       0   -0.000053   -0.000105       0
     HOH     362   -0.000035    0.000090       0   -0.000031    0.000086       0
     HOH     363   -0.000046   -0.000068       0   -0.000039   -0.000085       0
     HOH     364   -0.004948   -0.002379       0   -0.004849   -0.002412       0
     HOH     365   -0.000002    0.000015       0   -0.000002    0.000013       0
     HOH     366   -0.000004   -0.000029       0   -0.000004   -0.000028       0
     HOH     367   -0.000279   -0.000342       0   -0.000269   -0.000504       0
     HOH     368   -0.002866    0.000707       0   -0.003042    0.000423       0
     HOH     369   -0.000189   -0.000286       0   -0.000156   -0.000313       0
     HOH     370   -0.000113    0.000035       0   -0.000095    0.000006       0
     HOH     371   -0.003552    0.000650       0   -0.002622    0.000522       0
     HOH     372   -0.000029   -0.000105       0   -0.000025   -0.000099       0
     HOH     373   -0.000038    0.000050       0   -0.000032    0.000045       0
     HOH     374   -0.000038    0.000008       0   -0.000035   -0.000001       0
     HOH     375   -0.000255   -0.000598       0   -0.000226   -0.000539       0
     HOH     376   -0.000101   -0.000311       0   -0.000081   -0.000221       0
     HOH     377   -0.008147    0.009025       0   -0.008202    0.009263       0
     HOH     378   -0.000041   -0.000070       0   -0.000035   -0.000050       0
     HOH     379   -0.000063    0.000270       0   -0.000057    0.000253       0
     HOH     380   -0.000280   -0.000424       0   -0.000239   -0.000359       0
     HOH     381   -0.000028   -0.000067       0   -0.000024   -0.000077       0
     HOH     382   -0.000004   -0.000015       0   -0.000004   -0.000012       0
     HOH     383   -0.001579   -0.002838       0   -0.000991   -0.002158       0
     HOH     384   -0.001771   -0.000761       0   -0.001085   -0.000589       0
     HOH     385   -0.000061    0.000042       0   -0.000055    0.000036       0
     HOH     386   -0.000586    0.000213       0   -0.000562    0.000102       0
     HOH     387   -0.000847   -0.001950       0   -0.000816   -0.001806       0
     HOH     388   -0.000031   -0.000017       0   -0.000029   -0.000024       0
     HOH     389   -0.000101   -0.000422       0   -0.000093   -0.000413       0
     HOH     390   -0.000071   -0.000197       0   -0.000057   -0.000168       0

